200.0 40.0 3.0
150.0 40.0 3.0
150.0 120.0 3.0
200.0 120.0 3.0
200.0 200.0 3.0
120.0 200.0 3.0
120.0 150.0 3.0
40.0 150.0 3.0
40.0 200.0 3.0
-39.999999999999986 200.0 3.0
-39.99999999999999 150.0 3.0
-119.99999999999999 150.0 3.0
-119.99999999999999 200.0 3.0
-200.0 200.0 3.0
-200.0 120.00000000000001 3.0
-150.0 120.00000000000001 3.0
-150.0 40.00000000000001 3.0
-200.0 40.000000000000014 3.0
-200.0 -39.99999999999998 3.0
-150.0 -39.99999999999998 3.0
-150.00000000000003 -119.99999999999999 3.0
-200.00000000000003 -119.99999999999997 3.0
-200.00000000000003 -199.99999999999997 3.0
-120.00000000000003 -199.99999999999997 3.0
-120.00000000000001 -149.99999999999997 3.0
-40.00000000000002 -150.0 3.0
-40.00000000000002 -200.0 3.0
39.999999999999964 -200.0 3.0
39.99999999999997 -150.0 3.0
119.99999999999997 -150.00000000000003 3.0
119.99999999999996 -200.00000000000003 3.0
199.99999999999997 -200.00000000000003 3.0
199.99999999999997 -120.00000000000004 3.0
149.99999999999997 -120.00000000000003 3.0
150.0 -40.00000000000003 3.0
200.0 -40.000000000000036 3.0
200.0 40.0 3.0

150.0 40.0 6.0
150.0 120.0 6.0
200.0 120.0 6.0
200.0 200.0 6.0
120.0 200.0 6.0
120.0 150.0 6.0
40.0 150.0 6.0
40.0 200.0 6.0
-39.999999999999986 200.0 6.0
-39.99999999999999 150.0 6.0
-119.99999999999999 150.0 6.0
-119.99999999999999 200.0 6.0
-200.0 200.0 6.0
-200.0 120.00000000000001 6.0
-150.0 120.00000000000001 6.0
-150.0 40.00000000000001 6.0
-200.0 40.000000000000014 6.0
-200.0 -39.99999999999998 6.0
-150.0 -39.99999999999998 6.0
-150.00000000000003 -119.99999999999999 6.0
-200.00000000000003 -119.99999999999997 6.0
-200.00000000000003 -199.99999999999997 6.0
-120.00000000000003 -199.99999999999997 6.0
-120.00000000000001 -149.99999999999997 6.0
-40.00000000000002 -150.0 6.0
-40.00000000000002 -200.0 6.0
39.999999999999964 -200.0 6.0
39.99999999999997 -150.0 6.0
119.99999999999997 -150.00000000000003 6.0
119.99999999999996 -200.00000000000003 6.0
199.99999999999997 -200.00000000000003 6.0
199.99999999999997 -120.00000000000004 6.0
149.99999999999997 -120.00000000000003 6.0
150.0 -40.00000000000003 6.0
200.0 -40.000000000000036 6.0
200.0 40.0 6.0
150.0 40.0 6.0

200.0 -40.000000000000036 9.0
200.0 40.0 9.0
150.0 40.0 9.0
150.0 120.0 9.0
200.0 120.0 9.0
200.0 200.0 9.0
120.0 200.0 9.0
120.0 150.0 9.0
40.0 150.0 9.0
40.0 200.0 9.0
-39.999999999999986 200.0 9.0
-39.99999999999999 150.0 9.0
-119.99999999999999 150.0 9.0
-119.99999999999999 200.0 9.0
-200.0 200.0 9.0
-200.0 120.00000000000001 9.0
-150.0 120.00000000000001 9.0
-150.0 40.00000000000001 9.0
-200.0 40.000000000000014 9.0
-200.0 -39.99999999999998 9.0
-150.0 -39.99999999999998 9.0
-150.00000000000003 -119.99999999999999 9.0
-200.00000000000003 -119.99999999999997 9.0
-200.00000000000003 -199.99999999999997 9.0
-120.00000000000003 -199.99999999999997 9.0
-120.00000000000001 -149.99999999999997 9.0
-40.00000000000002 -150.0 9.0
-40.00000000000002 -200.0 9.0
39.999999999999964 -200.0 9.0
39.99999999999997 -150.0 9.0
119.99999999999997 -150.00000000000003 9.0
119.99999999999996 -200.00000000000003 9.0
199.99999999999997 -200.00000000000003 9.0
199.99999999999997 -120.00000000000004 9.0
149.99999999999997 -120.00000000000003 9.0
150.0 -40.00000000000003 9.0
200.0 -40.000000000000036 9.0

200.0 40.0 12.0
150.0 40.0 12.0
150.0 120.0 12.0
200.0 120.0 12.0
200.0 200.0 12.0
120.0 200.0 12.0
120.0 150.0 12.0
40.0 150.0 12.0
40.0 200.0 12.0
-39.999999999999986 200.0 12.0
-39.99999999999999 150.0 12.0
-119.99999999999999 150.0 12.0
-119.99999999999999 200.0 12.0
-200.0 200.0 12.0
-200.0 120.00000000000001 12.0
-150.0 120.00000000000001 12.0
-150.0 40.00000000000001 12.0
-200.0 40.000000000000014 12.0
-200.0 -39.99999999999998 12.0
-150.0 -39.99999999999998 12.0
-150.00000000000003 -119.99999999999999 12.0
-200.00000000000003 -119.99999999999997 12.0
-200.00000000000003 -199.99999999999997 12.0
-120.00000000000003 -199.99999999999997 12.0
-120.00000000000001 -149.99999999999997 12.0
-40.00000000000002 -150.0 12.0
-40.00000000000002 -200.0 12.0
39.999999999999964 -200.0 12.0
39.99999999999997 -150.0 12.0
119.99999999999997 -150.00000000000003 12.0
119.99999999999996 -200.00000000000003 12.0
199.99999999999997 -200.00000000000003 12.0
199.99999999999997 -120.00000000000004 12.0
149.99999999999997 -120.00000000000003 12.0
150.0 -40.00000000000003 12.0
200.0 -40.000000000000036 12.0
200.0 40.0 12.0

150.0 40.0 15.0
150.0 120.0 15.0
200.0 120.0 15.0
200.0 200.0 15.0
120.0 200.0 15.0
120.0 150.0 15.0
40.0 150.0 15.0
40.0 200.0 15.0
-39.999999999999986 200.0 15.0
-39.99999999999999 150.0 15.0
-119.99999999999999 150.0 15.0
-119.99999999999999 200.0 15.0
-200.0 200.0 15.0
-200.0 120.00000000000001 15.0
-150.0 120.00000000000001 15.0
-150.0 40.00000000000001 15.0
-200.0 40.000000000000014 15.0
-200.0 -39.99999999999998 15.0
-150.0 -39.99999999999998 15.0
-150.00000000000003 -119.99999999999999 15.0
-200.00000000000003 -119.99999999999997 15.0
-200.00000000000003 -199.99999999999997 15.0
-120.00000000000003 -199.99999999999997 15.0
-120.00000000000001 -149.99999999999997 15.0
-40.00000000000002 -150.0 15.0
-40.00000000000002 -200.0 15.0
39.999999999999964 -200.0 15.0
39.99999999999997 -150.0 15.0
119.99999999999997 -150.00000000000003 15.0
119.99999999999996 -200.00000000000003 15.0
199.99999999999997 -200.00000000000003 15.0
199.99999999999997 -120.00000000000004 15.0
149.99999999999997 -120.00000000000003 15.0
150.0 -40.00000000000003 15.0
200.0 -40.000000000000036 15.0
200.0 40.0 15.0
150.0 40.0 15.0

200.0 -40.000000000000036 18.0
200.0 40.0 18.0
150.0 40.0 18.0
150.0 120.0 18.0
200.0 120.0 18.0
200.0 200.0 18.0
120.0 200.0 18.0
120.0 150.0 18.0
40.0 150.0 18.0
40.0 200.0 18.0
-39.999999999999986 200.0 18.0
-39.99999999999999 150.0 18.0
-119.99999999999999 150.0 18.0
-119.99999999999999 200.0 18.0
-200.0 200.0 18.0
-200.0 120.00000000000001 18.0
-150.0 120.00000000000001 18.0
-150.0 40.00000000000001 18.0
-200.0 40.000000000000014 18.0
-200.0 -39.99999999999998 18.0
-150.0 -39.99999999999998 18.0
-150.00000000000003 -119.99999999999999 18.0
-200.00000000000003 -119.99999999999997 18.0
-200.00000000000003 -199.99999999999997 18.0
-120.00000000000003 -199.99999999999997 18.0
-120.00000000000001 -149.99999999999997 18.0
-40.00000000000002 -150.0 18.0
-40.00000000000002 -200.0 18.0
39.999999999999964 -200.0 18.0
39.99999999999997 -150.0 18.0
119.99999999999997 -150.00000000000003 18.0
119.99999999999996 -200.00000000000003 18.0
199.99999999999997 -200.00000000000003 18.0
199.99999999999997 -120.00000000000004 18.0
149.99999999999997 -120.00000000000003 18.0
150.0 -40.00000000000003 18.0
200.0 -40.000000000000036 18.0

200.0 40.0 21.0
150.0 40.0 21.0
150.0 120.0 21.0
200.0 120.0 21.0
200.0 200.0 21.0
120.0 200.0 21.0
120.0 150.0 21.0
40.0 150.0 21.0
40.0 200.0 21.0
-39.999999999999986 200.0 21.0
-39.99999999999999 150.0 21.0
-119.99999999999999 150.0 21.0
-119.99999999999999 200.0 21.0
-200.0 200.0 21.0
-200.0 120.00000000000001 21.0
-150.0 120.00000000000001 21.0
-150.0 40.00000000000001 21.0
-200.0 40.000000000000014 21.0
-200.0 -39.99999999999998 21.0
-150.0 -39.99999999999998 21.0
-150.00000000000003 -119.99999999999999 21.0
-200.00000000000003 -119.99999999999997 21.0
-200.00000000000003 -199.99999999999997 21.0
-120.00000000000003 -199.99999999999997 21.0
-120.00000000000001 -149.99999999999997 21.0
-40.00000000000002 -150.0 21.0
-40.00000000000002 -200.0 21.0
39.999999999999964 -200.0 21.0
39.99999999999997 -150.0 21.0
119.99999999999997 -150.00000000000003 21.0
119.99999999999996 -200.00000000000003 21.0
199.99999999999997 -200.00000000000003 21.0
199.99999999999997 -120.00000000000004 21.0
149.99999999999997 -120.00000000000003 21.0
150.0 -40.00000000000003 21.0
200.0 -40.000000000000036 21.0
200.0 40.0 21.0

150.0 40.0 24.0
150.0 120.0 24.0
200.0 120.0 24.0
200.0 200.0 24.0
120.0 200.0 24.0
120.0 150.0 24.0
40.0 150.0 24.0
40.0 200.0 24.0
-39.999999999999986 200.0 24.0
-39.99999999999999 150.0 24.0
-119.99999999999999 150.0 24.0
-119.99999999999999 200.0 24.0
-200.0 200.0 24.0
-200.0 120.00000000000001 24.0
-150.0 120.00000000000001 24.0
-150.0 40.00000000000001 24.0
-200.0 40.000000000000014 24.0
-200.0 -39.99999999999998 24.0
-150.0 -39.99999999999998 24.0
-150.00000000000003 -119.99999999999999 24.0
-200.00000000000003 -119.99999999999997 24.0
-200.00000000000003 -199.99999999999997 24.0
-120.00000000000003 -199.99999999999997 24.0
-120.00000000000001 -149.99999999999997 24.0
-40.00000000000002 -150.0 24.0
-40.00000000000002 -200.0 24.0
39.999999999999964 -200.0 24.0
39.99999999999997 -150.0 24.0
119.99999999999997 -150.00000000000003 24.0
119.99999999999996 -200.00000000000003 24.0
199.99999999999997 -200.00000000000003 24.0
199.99999999999997 -120.00000000000004 24.0
149.99999999999997 -120.00000000000003 24.0
150.0 -40.00000000000003 24.0
200.0 -40.000000000000036 24.0
200.0 40.0 24.0
150.0 40.0 24.0

200.0 -40.000000000000036 27.0
200.0 40.0 27.0
150.0 40.0 27.0
150.0 120.0 27.0
200.0 120.0 27.0
200.0 200.0 27.0
120.0 200.0 27.0
120.0 150.0 27.0
40.0 150.0 27.0
40.0 200.0 27.0
-39.999999999999986 200.0 27.0
-39.99999999999999 150.0 27.0
-119.99999999999999 150.0 27.0
-119.99999999999999 200.0 27.0
-200.0 200.0 27.0
-200.0 120.00000000000001 27.0
-150.0 120.00000000000001 27.0
-150.0 40.00000000000001 27.0
-200.0 40.000000000000014 27.0
-200.0 -39.99999999999998 27.0
-150.0 -39.99999999999998 27.0
-150.00000000000003 -119.99999999999999 27.0
-200.00000000000003 -119.99999999999997 27.0
-200.00000000000003 -199.99999999999997 27.0
-120.00000000000003 -199.99999999999997 27.0
-120.00000000000001 -149.99999999999997 27.0
-40.00000000000002 -150.0 27.0
-40.00000000000002 -200.0 27.0
39.999999999999964 -200.0 27.0
39.99999999999997 -150.0 27.0
119.99999999999997 -150.00000000000003 27.0
119.99999999999996 -200.00000000000003 27.0
199.99999999999997 -200.00000000000003 27.0
199.99999999999997 -120.00000000000004 27.0
149.99999999999997 -120.00000000000003 27.0
150.0 -40.00000000000003 27.0
200.0 -40.000000000000036 27.0

200.0 40.0 30.0
150.0 40.0 30.0
150.0 120.0 30.0
200.0 120.0 30.0
200.0 200.0 30.0
120.0 200.0 30.0
120.0 150.0 30.0
40.0 150.0 30.0
40.0 200.0 30.0
-39.999999999999986 200.0 30.0
-39.99999999999999 150.0 30.0
-119.99999999999999 150.0 30.0
-119.99999999999999 200.0 30.0
-200.0 200.0 30.0
-200.0 120.00000000000001 30.0
-150.0 120.00000000000001 30.0
-150.0 40.00000000000001 30.0
-200.0 40.000000000000014 30.0
-200.0 -39.99999999999998 30.0
-150.0 -39.99999999999998 30.0
-150.00000000000003 -119.99999999999999 30.0
-200.00000000000003 -119.99999999999997 30.0
-200.00000000000003 -199.99999999999997 30.0
-120.00000000000003 -199.99999999999997 30.0
-120.00000000000001 -149.99999999999997 30.0
-40.00000000000002 -150.0 30.0
-40.00000000000002 -200.0 30.0
39.999999999999964 -200.0 30.0
39.99999999999997 -150.0 30.0
119.99999999999997 -150.00000000000003 30.0
119.99999999999996 -200.00000000000003 30.0
199.99999999999997 -200.00000000000003 30.0
199.99999999999997 -120.00000000000004 30.0
149.99999999999997 -120.00000000000003 30.0
150.0 -40.00000000000003 30.0
200.0 -40.000000000000036 30.0
200.0 40.0 30.0

150.0 40.0 33.0
150.0 120.0 33.0
200.0 120.0 33.0
200.0 200.0 33.0
120.0 200.0 33.0
120.0 150.0 33.0
40.0 150.0 33.0
40.0 200.0 33.0
-39.999999999999986 200.0 33.0
-39.99999999999999 150.0 33.0
-119.99999999999999 150.0 33.0
-119.99999999999999 200.0 33.0
-200.0 200.0 33.0
-200.0 120.00000000000001 33.0
-150.0 120.00000000000001 33.0
-150.0 40.00000000000001 33.0
-200.0 40.000000000000014 33.0
-200.0 -39.99999999999998 33.0
-150.0 -39.99999999999998 33.0
-150.00000000000003 -119.99999999999999 33.0
-200.00000000000003 -119.99999999999997 33.0
-200.00000000000003 -199.99999999999997 33.0
-120.00000000000003 -199.99999999999997 33.0
-120.00000000000001 -149.99999999999997 33.0
-40.00000000000002 -150.0 33.0
-40.00000000000002 -200.0 33.0
39.999999999999964 -200.0 33.0
39.99999999999997 -150.0 33.0
119.99999999999997 -150.00000000000003 33.0
119.99999999999996 -200.00000000000003 33.0
199.99999999999997 -200.00000000000003 33.0
199.99999999999997 -120.00000000000004 33.0
149.99999999999997 -120.00000000000003 33.0
150.0 -40.00000000000003 33.0
200.0 -40.000000000000036 33.0
200.0 40.0 33.0
150.0 40.0 33.0

200.0 -40.000000000000036 36.0
200.0 40.0 36.0
150.0 40.0 36.0
150.0 120.0 36.0
200.0 120.0 36.0
200.0 200.0 36.0
120.0 200.0 36.0
120.0 150.0 36.0
40.0 150.0 36.0
40.0 200.0 36.0
-39.999999999999986 200.0 36.0
-39.99999999999999 150.0 36.0
-119.99999999999999 150.0 36.0
-119.99999999999999 200.0 36.0
-200.0 200.0 36.0
-200.0 120.00000000000001 36.0
-150.0 120.00000000000001 36.0
-150.0 40.00000000000001 36.0
-200.0 40.000000000000014 36.0
-200.0 -39.99999999999998 36.0
-150.0 -39.99999999999998 36.0
-150.00000000000003 -119.99999999999999 36.0
-200.00000000000003 -119.99999999999997 36.0
-200.00000000000003 -199.99999999999997 36.0
-120.00000000000003 -199.99999999999997 36.0
-120.00000000000001 -149.99999999999997 36.0
-40.00000000000002 -150.0 36.0
-40.00000000000002 -200.0 36.0
39.999999999999964 -200.0 36.0
39.99999999999997 -150.0 36.0
119.99999999999997 -150.00000000000003 36.0
119.99999999999996 -200.00000000000003 36.0
199.99999999999997 -200.00000000000003 36.0
199.99999999999997 -120.00000000000004 36.0
149.99999999999997 -120.00000000000003 36.0
150.0 -40.00000000000003 36.0
200.0 -40.000000000000036 36.0

200.0 40.0 39.0
150.0 40.0 39.0
150.0 120.0 39.0
200.0 120.0 39.0
200.0 200.0 39.0
120.0 200.0 39.0
120.0 150.0 39.0
40.0 150.0 39.0
40.0 200.0 39.0
-39.999999999999986 200.0 39.0
-39.99999999999999 150.0 39.0
-119.99999999999999 150.0 39.0
-119.99999999999999 200.0 39.0
-200.0 200.0 39.0
-200.0 120.00000000000001 39.0
-150.0 120.00000000000001 39.0
-150.0 40.00000000000001 39.0
-200.0 40.000000000000014 39.0
-200.0 -39.99999999999998 39.0
-150.0 -39.99999999999998 39.0
-150.00000000000003 -119.99999999999999 39.0
-200.00000000000003 -119.99999999999997 39.0
-200.00000000000003 -199.99999999999997 39.0
-120.00000000000003 -199.99999999999997 39.0
-120.00000000000001 -149.99999999999997 39.0
-40.00000000000002 -150.0 39.0
-40.00000000000002 -200.0 39.0
39.999999999999964 -200.0 39.0
39.99999999999997 -150.0 39.0
119.99999999999997 -150.00000000000003 39.0
119.99999999999996 -200.00000000000003 39.0
199.99999999999997 -200.00000000000003 39.0
199.99999999999997 -120.00000000000004 39.0
149.99999999999997 -120.00000000000003 39.0
150.0 -40.00000000000003 39.0
200.0 -40.000000000000036 39.0
200.0 40.0 39.0

150.0 40.0 42.0
150.0 120.0 42.0
200.0 120.0 42.0
200.0 200.0 42.0
120.0 200.0 42.0
120.0 150.0 42.0
40.0 150.0 42.0
40.0 200.0 42.0
-39.999999999999986 200.0 42.0
-39.99999999999999 150.0 42.0
-119.99999999999999 150.0 42.0
-119.99999999999999 200.0 42.0
-200.0 200.0 42.0
-200.0 120.00000000000001 42.0
-150.0 120.00000000000001 42.0
-150.0 40.00000000000001 42.0
-200.0 40.000000000000014 42.0
-200.0 -39.99999999999998 42.0
-150.0 -39.99999999999998 42.0
-150.00000000000003 -119.99999999999999 42.0
-200.00000000000003 -119.99999999999997 42.0
-200.00000000000003 -199.99999999999997 42.0
-120.00000000000003 -199.99999999999997 42.0
-120.00000000000001 -149.99999999999997 42.0
-40.00000000000002 -150.0 42.0
-40.00000000000002 -200.0 42.0
39.999999999999964 -200.0 42.0
39.99999999999997 -150.0 42.0
119.99999999999997 -150.00000000000003 42.0
119.99999999999996 -200.00000000000003 42.0
199.99999999999997 -200.00000000000003 42.0
199.99999999999997 -120.00000000000004 42.0
149.99999999999997 -120.00000000000003 42.0
150.0 -40.00000000000003 42.0
200.0 -40.000000000000036 42.0
200.0 40.0 42.0
150.0 40.0 42.0

200.0 -40.000000000000036 45.0
200.0 40.0 45.0
150.0 40.0 45.0
150.0 120.0 45.0
200.0 120.0 45.0
200.0 200.0 45.0
120.0 200.0 45.0
120.0 150.0 45.0
40.0 150.0 45.0
40.0 200.0 45.0
-39.999999999999986 200.0 45.0
-39.99999999999999 150.0 45.0
-119.99999999999999 150.0 45.0
-119.99999999999999 200.0 45.0
-200.0 200.0 45.0
-200.0 120.00000000000001 45.0
-150.0 120.00000000000001 45.0
-150.0 40.00000000000001 45.0
-200.0 40.000000000000014 45.0
-200.0 -39.99999999999998 45.0
-150.0 -39.99999999999998 45.0
-150.00000000000003 -119.99999999999999 45.0
-200.00000000000003 -119.99999999999997 45.0
-200.00000000000003 -199.99999999999997 45.0
-120.00000000000003 -199.99999999999997 45.0
-120.00000000000001 -149.99999999999997 45.0
-40.00000000000002 -150.0 45.0
-40.00000000000002 -200.0 45.0
39.999999999999964 -200.0 45.0
39.99999999999997 -150.0 45.0
119.99999999999997 -150.00000000000003 45.0
119.99999999999996 -200.00000000000003 45.0
199.99999999999997 -200.00000000000003 45.0
199.99999999999997 -120.00000000000004 45.0
149.99999999999997 -120.00000000000003 45.0
150.0 -40.00000000000003 45.0
200.0 -40.000000000000036 45.0

200.0 40.0 48.0
150.0 40.0 48.0
150.0 120.0 48.0
200.0 120.0 48.0
200.0 200.0 48.0
120.0 200.0 48.0
120.0 150.0 48.0
40.0 150.0 48.0
40.0 200.0 48.0
-39.999999999999986 200.0 48.0
-39.99999999999999 150.0 48.0
-119.99999999999999 150.0 48.0
-119.99999999999999 200.0 48.0
-200.0 200.0 48.0
-200.0 120.00000000000001 48.0
-150.0 120.00000000000001 48.0
-150.0 40.00000000000001 48.0
-200.0 40.000000000000014 48.0
-200.0 -39.99999999999998 48.0
-150.0 -39.99999999999998 48.0
-150.00000000000003 -119.99999999999999 48.0
-200.00000000000003 -119.99999999999997 48.0
-200.00000000000003 -199.99999999999997 48.0
-120.00000000000003 -199.99999999999997 48.0
-120.00000000000001 -149.99999999999997 48.0
-40.00000000000002 -150.0 48.0
-40.00000000000002 -200.0 48.0
39.999999999999964 -200.0 48.0
39.99999999999997 -150.0 48.0
119.99999999999997 -150.00000000000003 48.0
119.99999999999996 -200.00000000000003 48.0
199.99999999999997 -200.00000000000003 48.0
199.99999999999997 -120.00000000000004 48.0
149.99999999999997 -120.00000000000003 48.0
150.0 -40.00000000000003 48.0
200.0 -40.000000000000036 48.0
200.0 40.0 48.0

