150.0 0.0 0.0
144.888874 38.822857 0.0
129.903811 75.0 0.0
106.066017 106.066017 0.0
75.0 129.903811 0.0
38.822857 144.888874 0.0
0.0 150.0 0.0
-38.822857 144.888874 0.0
-75.0 129.903811 0.0

-75.0 129.903811 0.0
-106.066017 106.066017 0.0
-129.903811 75.0 0.0
-144.888874 38.822857 0.0
-150.0 0.0 0.0
-144.888874 -38.822857 0.0
-129.903811 -75.0 0.0
-106.066017 -106.066017 0.0
-75.0 -129.903811 0.0

-75.0 -129.903811 0.0
-38.822857 -144.888874 0.0
-0.0 -150.0 0.0
38.822857 -144.888874 0.0
75.0 -129.903811 0.0
106.066017 -106.066017 0.0
129.903811 -75.0 0.0
144.888874 -38.822857 0.0
150.0 0.0 0.0

150.0 0.0 1.0
144.888874 38.822857 1.0
129.903811 75.0 1.0
106.066017 106.066017 1.0
75.0 129.903811 1.0
38.822857 144.888874 1.0
0.0 150.0 1.0
-38.822857 144.888874 1.0
-75.0 129.903811 1.0

-75.0 129.903811 1.0
-106.066017 106.066017 1.0
-129.903811 75.0 1.0
-144.888874 38.822857 1.0
-150.0 0.0 1.0
-144.888874 -38.822857 1.0
-129.903811 -75.0 1.0
-106.066017 -106.066017 1.0
-75.0 -129.903811 1.0

-75.0 -129.903811 1.0
-38.822857 -144.888874 1.0
-0.0 -150.0 1.0
38.822857 -144.888874 1.0
75.0 -129.903811 1.0
106.066017 -106.066017 1.0
129.903811 -75.0 1.0
144.888874 -38.822857 1.0
150.0 0.0 1.0

150.0 0.0 2.0
144.888874 38.822857 2.0
129.903811 75.0 2.0
106.066017 106.066017 2.0
75.0 129.903811 2.0
38.822857 144.888874 2.0
0.0 150.0 2.0
-38.822857 144.888874 2.0
-75.0 129.903811 2.0

-75.0 129.903811 2.0
-106.066017 106.066017 2.0
-129.903811 75.0 2.0
-144.888874 38.822857 2.0
-150.0 0.0 2.0
-144.888874 -38.822857 2.0
-129.903811 -75.0 2.0
-106.066017 -106.066017 2.0
-75.0 -129.903811 2.0

-75.0 -129.903811 2.0
-38.822857 -144.888874 2.0
-0.0 -150.0 2.0
38.822857 -144.888874 2.0
75.0 -129.903811 2.0
106.066017 -106.066017 2.0
129.903811 -75.0 2.0
144.888874 -38.822857 2.0
150.0 0.0 2.0

150.0 0.0 3.0
144.888874 38.822857 3.0
129.903811 75.0 3.0
106.066017 106.066017 3.0
75.0 129.903811 3.0
38.822857 144.888874 3.0
0.0 150.0 3.0
-38.822857 144.888874 3.0
-75.0 129.903811 3.0

-75.0 129.903811 3.0
-106.066017 106.066017 3.0
-129.903811 75.0 3.0
-144.888874 38.822857 3.0
-150.0 0.0 3.0
-144.888874 -38.822857 3.0
-129.903811 -75.0 3.0
-106.066017 -106.066017 3.0
-75.0 -129.903811 3.0

-75.0 -129.903811 3.0
-38.822857 -144.888874 3.0
-0.0 -150.0 3.0
38.822857 -144.888874 3.0
75.0 -129.903811 3.0
106.066017 -106.066017 3.0
129.903811 -75.0 3.0
144.888874 -38.822857 3.0
150.0 0.0 3.0

150.0 0.0 4.0
144.888874 38.822857 4.0
129.903811 75.0 4.0
106.066017 106.066017 4.0
75.0 129.903811 4.0
38.822857 144.888874 4.0
0.0 150.0 4.0
-38.822857 144.888874 4.0
-75.0 129.903811 4.0

-75.0 129.903811 4.0
-106.066017 106.066017 4.0
-129.903811 75.0 4.0
-144.888874 38.822857 4.0
-150.0 0.0 4.0
-144.888874 -38.822857 4.0
-129.903811 -75.0 4.0
-106.066017 -106.066017 4.0
-75.0 -129.903811 4.0

-75.0 -129.903811 4.0
-38.822857 -144.888874 4.0
-0.0 -150.0 4.0
38.822857 -144.888874 4.0
75.0 -129.903811 4.0
106.066017 -106.066017 4.0
129.903811 -75.0 4.0
144.888874 -38.822857 4.0
150.0 0.0 4.0

