1.2246467991473532e-14 200.0 0.0
-51.76380902050413 193.18516525781365 0.0
-99.99999999999996 173.20508075688775 0.0
-141.42135623730948 141.4213562373095 0.0
-173.2050807568877 100.00000000000007 0.0
-193.18516525781365 51.763809020504205 0.0
-200.0 2.4492935982947064e-14 0.0
-193.18516525781368 -51.76380902050407 0.0
-173.20508075688775 -99.99999999999994 0.0
-141.42135623730957 -141.42135623730942 0.0
-100.00000000000009 -173.20508075688767 0.0
-51.763809020504304 -193.18516525781362 0.0
-3.6739403974420595e-14 -200.0 0.0

-3.6739403974420595e-14 -200.0 0.0
51.763809020504056 -193.18516525781368 0.0
99.99999999999987 -173.2050807568878 0.0
141.42135623730948 -141.42135623730954 0.0
173.20508075688767 -100.00000000000009 0.0
193.18516525781362 -51.76380902050431 0.0
200.0 -4.898587196589413e-14 0.0
193.18516525781368 51.76380902050405 0.0
173.2050807568878 99.99999999999986 0.0
141.42135623730968 141.42135623730934 0.0
100.00000000000011 173.20508075688767 0.0
51.763809020504326 193.18516525781362 0.0
1.2246467991473532e-14 200.0 0.0

-51.64720912742356 192.75000853267989 3.0
-99.77474630386183 172.81492991058383 3.0
-141.1027994052563 141.10279940525632 3.0
-172.81492991058377 99.77474630386195 3.0
-192.75000853267986 51.647209127423636 3.0
-199.54949260772375 2.443776473935273e-14 3.0
-192.7500085326799 -51.6472091274235 3.0
-172.81492991058386 -99.77474630386182 3.0
-141.10279940525638 -141.10279940525623 3.0
-99.77474630386196 -172.81492991058377 3.0
-51.647209127423736 -192.75000853267986 3.0
-3.6656647109029093e-14 -199.54949260772375 3.0
51.647209127423494 -192.7500085326799 3.0
99.77474630386175 -172.81492991058388 3.0

99.77474630386175 -172.81492991058388 3.0
141.10279940525626 -141.10279940525632 3.0
172.81492991058377 -99.77474630386196 3.0
192.75000853267986 -51.64720912742375 3.0
199.54949260772375 -4.887552947870546e-14 3.0
192.7500085326799 51.64720912742348 3.0
172.81492991058388 99.77474630386173 3.0
141.10279940525646 141.10279940525612 3.0
99.77474630386199 172.81492991058377 3.0
51.64720912742376 192.75000853267986 3.0
1.2218882369676365e-14 199.54949260772375 3.0
-51.64720912742356 192.75000853267989 3.0

51.53034539950653 192.31386716253084 6.0
1.2191234328885246e-14 199.09796583591708 6.0
-51.53034539950633 192.3138671625309 6.0
-99.5489829179585 172.42389625571047 6.0
-140.7835217630245 140.78352176302454 6.0
-172.42389625571042 99.54898291795861 6.0
-192.31386716253087 51.53034539950641 6.0
-199.09796583591708 2.4382468657770493e-14 6.0
-192.31386716253093 -51.53034539950628 6.0
-172.4238962557105 -99.54898291795848 6.0
-140.7835217630246 -140.78352176302445 6.0
-99.54898291795863 -172.42389625571042 6.0

-99.54898291795863 -172.42389625571042 6.0
-51.53034539950651 -192.31386716253084 6.0
-3.657370298665574e-14 -199.09796583591708 6.0
51.53034539950627 -192.31386716253093 6.0
99.54898291795841 -172.42389625571053 6.0
140.7835217630245 -140.78352176302457 6.0
172.42389625571042 -99.54898291795863 6.0
192.31386716253084 -51.53034539950652 6.0
199.09796583591708 -4.8764937315540985e-14 6.0
192.31386716253093 51.53034539950626 6.0
172.42389625571053 99.5489829179584 6.0
140.7835217630247 140.78352176302437 6.0
99.54898291795865 172.42389625571042 6.0
51.53034539950653 192.31386716253084 6.0

1.216352344345964e-14 198.6454127333425 9.0
-51.4132160376398 191.87673443298686 9.0
-99.32270636667121 172.03197377231942 9.0
-140.46351839534702 140.46351839534705 9.0
-172.0319737723194 99.32270636667133 9.0
-191.87673443298686 51.41321603763988 9.0
-198.6454127333425 2.432704688691928e-14 9.0
-191.8767344329869 -51.41321603763974 9.0
-172.03197377231945 -99.3227063666712 9.0
-140.4635183953471 -140.46351839534697 9.0
-99.32270636667134 -172.03197377231936 9.0
-51.41321603763998 -191.87673443298684 9.0
-3.649057033037891e-14 -198.6454127333425 9.0

-3.649057033037891e-14 -198.6454127333425 9.0
51.413216037639735 -191.8767344329869 9.0
99.32270636667113 -172.0319737723195 9.0
140.46351839534702 -140.46351839534708 9.0
172.03197377231936 -99.32270636667134 9.0
191.87673443298684 -51.41321603763999 9.0
198.6454127333425 -4.865409377383856e-14 9.0
191.8767344329869 51.41321603763972 9.0
172.0319737723195 99.32270636667111 9.0
140.46351839534722 140.46351839534688 9.0
99.32270636667137 172.03197377231936 9.0
51.41321603764 191.87673443298684 9.0
1.216352344345964e-14 198.6454127333425 9.0

-51.29581922217075 191.43860355300959 12.0
-99.09591313469991 171.63915637173238 12.0
-140.1427843308388 140.14278433083882 12.0
-171.63915637173233 99.09591313470003 12.0
-191.43860355300956 51.29581922217083 12.0
-198.1918262693999 2.427149856579889e-14 12.0
-191.4386035530096 -51.29581922217069 12.0
-171.6391563717324 -99.0959131346999 12.0
-140.14278433083888 -140.14278433083874 12.0
-99.09591313470004 -171.63915637173233 12.0
-51.29581922217093 -191.43860355300953 12.0
-3.6407247848698337e-14 -198.1918262693999 12.0
51.295819222170685 -191.4386035530096 12.0
99.09591313469983 -171.63915637173244 12.0

99.09591313469983 -171.63915637173244 12.0
140.14278433083877 -140.14278433083882 12.0
171.63915637173233 -99.09591313470004 12.0
191.43860355300953 -51.295819222170934 12.0
198.1918262693999 -4.854299713159778e-14 12.0
191.4386035530096 51.29581922217067 12.0
171.63915637173244 99.09591313469981 12.0
140.14278433083896 140.14278433083865 12.0
99.09591313470007 171.63915637173233 12.0
51.29581922217095 191.43860355300953 12.0
1.2135749282899445e-14 198.1918262693999 12.0
-51.29581922217075 191.43860355300959 12.0

51.1781531125757 190.9994676536711 15.0
1.2107911411766959e-14 197.73719933285187 15.0
-51.1781531125755 190.99946765367116 15.0
-98.8685996664259 171.24543789543708 15.0
-139.8213145410956 139.82131454109563 15.0
-171.24543789543705 98.86859966642601 15.0
-190.99946765367113 51.17815311257558 15.0
-197.73719933285187 2.4215822823533918e-14 15.0
-190.99946765367116 -51.178153112575444 15.0
-171.2454378954371 -98.86859966642588 15.0
-139.8213145410957 -139.82131454109555 15.0
-98.86859966642602 -171.24543789543702 15.0

-98.86859966642602 -171.24543789543702 15.0
-51.17815311257568 -190.9994676536711 15.0
-3.6323734235300875e-14 -197.73719933285187 15.0
51.17815311257544 -190.99946765367116 15.0
98.86859966642581 -171.24543789543716 15.0
139.82131454109557 -139.82131454109566 15.0
171.24543789543702 -98.86859966642602 15.0
190.9994676536711 -51.178153112575686 15.0
197.73719933285187 -4.8431645647067836e-14 15.0
190.99946765367116 51.17815311257542 15.0
171.24543789543716 98.8685996664258 15.0
139.82131454109577 139.82131454109546 15.0
98.86859966642605 171.24543789543702 15.0
51.1781531125757 190.9994676536711 15.0

1.2080009389607227e-14 197.2815247305231 18.0
-51.060215847123295 190.5593197868978 18.0
-98.64076236526151 170.850812113961 18.0
-139.49910393977444 139.49910393977447 18.0
-170.85081211396096 98.64076236526162 18.0
-190.55931978689776 51.060215847123374 18.0
-197.2815247305231 2.4160018779214453e-14 18.0
-190.55931978689782 -51.060215847123246 18.0
-170.850812113961 -98.6407623652615 18.0
-139.49910393977453 -139.4991039397744 18.0
-98.64076236526164 -170.85081211396093 18.0
-51.06021584712347 -190.55931978689776 18.0
-3.6240028168821674e-14 -197.2815247305231 18.0

-3.6240028168821674e-14 -197.2815247305231 18.0
51.06021584712323 -190.55931978689782 18.0
98.64076236526142 -170.85081211396107 18.0
139.49910393977444 -139.4991039397745 18.0
170.85081211396093 -98.64076236526164 18.0
190.55931978689776 -51.06021584712349 18.0
197.2815247305231 -4.8320037558428907e-14 18.0
190.55931978689782 51.060215847123224 18.0
170.85081211396107 98.64076236526141 18.0
139.4991039397746 139.4991039397743 18.0
98.64076236526166 170.85081211396093 18.0
51.060215847123494 190.55931978689776 18.0
1.2080009389607227e-14 197.2815247305231 18.0

-50.94200554253259 190.11815292418706 21.0
-98.41239759298618 170.45527272572124 21.0
-139.17614738165443 139.17614738165446 21.0
-170.4552727257212 98.4123975929863 21.0
-190.11815292418706 50.94200554253266 21.0
-196.82479518597245 2.4104085541733455e-14 21.0
-190.1181529241871 -50.942005542532534 21.0
-170.45527272572127 -98.41239759298617 21.0
-139.17614738165452 -139.17614738165437 21.0
-98.41239759298631 -170.45527272572116 21.0
-50.94200554253276 -190.11815292418703 21.0
-3.615612831260018e-14 -196.82479518597245 21.0
50.94200554253252 -190.1181529241871 21.0
98.4123975929861 -170.4552727257213 21.0

98.4123975929861 -170.4552727257213 21.0
139.17614738165443 -139.1761473816545 21.0
170.45527272572116 -98.41239759298631 21.0
190.11815292418703 -50.942005542532776 21.0
196.82479518597245 -4.820817108346691e-14 21.0
190.1181529241871 50.94200554253251 21.0
170.4552727257213 98.41239759298608 21.0
139.1761473816546 139.1761473816543 21.0
98.41239759298634 170.45527272572116 21.0
50.94200554253278 190.11815292418703 21.0
1.2052042770866727e-14 196.82479518597245 21.0
-50.94200554253259 190.11815292418706 21.0

50.823520293620355 189.6759599552984 24.0
1.2024011104810369e-14 196.36700333813724 24.0
-50.82352029362016 189.67595995529845 24.0
-98.18350166906858 170.05881335585053 24.0
-138.85243966167823 138.85243966167826 24.0
-170.05881335585048 98.18350166906869 24.0
-189.67595995529842 50.823520293620234 24.0
-196.36700333813724 2.4048022209620738e-14 24.0
-189.67595995529848 -50.823520293620106 24.0
-170.05881335585056 -98.18350166906856 24.0
-138.85243966167832 -138.85243966167818 24.0
-98.1835016690687 -170.05881335585045 24.0

-98.1835016690687 -170.05881335585045 24.0
-50.823520293620334 -189.6759599552984 24.0
-3.607203331443111e-14 -196.36700333813724 24.0
50.82352029362009 -189.67595995529848 24.0
98.18350166906849 -170.0588133558506 24.0
138.85243966167823 -138.8524396616783 24.0
170.05881335585045 -98.1835016690687 24.0
189.6759599552984 -50.82352029362035 24.0
196.36700333813724 -4.8096044419241476e-14 24.0
189.67595995529848 50.823520293620085 24.0
170.0588133558506 98.18350166906848 24.0
138.8524396616784 138.8524396616781 24.0
98.18350166906873 170.05881335585045 24.0
50.823520293620355 189.6759599552984 24.0

1.1995913935436734e-14 195.90814173994914 27.0
-50.7047581729429 189.23273368691628 27.0
-97.95407086997453 169.6614275549985 27.0
-138.52797551397333 138.52797551397336 27.0
-169.66142755499845 97.95407086997464 27.0
-189.23273368691628 50.70475817294298 27.0
-195.90814173994914 2.399182787087347e-14 27.0
-189.2327336869163 -50.704758172942846 27.0
-169.66142755499854 -97.95407086997452 27.0
-138.52797551397344 -138.52797551397327 27.0
-97.95407086997466 -169.66142755499845 27.0
-50.70475817294307 -189.23273368691625 27.0
-3.59877418063102e-14 -195.90814173994914 27.0

-3.59877418063102e-14 -195.90814173994914 27.0
50.70475817294284 -189.2327336869163 27.0
97.95407086997444 -169.66142755499857 27.0
138.52797551397333 -138.5279755139734 27.0
169.66142755499845 -97.95407086997466 27.0
189.23273368691625 -50.70475817294309 27.0
195.90814173994914 -4.798365574174694e-14 27.0
189.2327336869163 50.704758172942825 27.0
169.66142755499857 97.95407086997443 27.0
138.52797551397353 138.5279755139732 27.0
97.95407086997469 169.66142755499845 27.0
50.704758172943095 189.23273368691625 27.0
1.1995913935436734e-14 195.90814173994914 27.0

-50.58571723043194 188.7884668412845 30.0
-97.72410142846027 169.26310879810757 30.0
-138.20274961085252 138.20274961085255 30.0
-169.26310879810754 97.72410142846039 30.0
-188.78846684128447 50.58571723043202 30.0
-195.44820285692063 2.3935501602783044e-14 30.0
-188.78846684128453 -50.58571723043189 30.0
-169.2631087981076 -97.72410142846026 30.0
-138.2027496108526 -138.20274961085246 30.0
-97.7241014284604 -169.2631087981075 30.0
-50.58571723043212 -188.78846684128445 30.0
-3.590325240417456e-14 -195.44820285692063 30.0
50.585717230431875 -188.78846684128453 30.0
97.72410142846019 -169.26310879810765 30.0

97.72410142846019 -169.26310879810765 30.0
138.2027496108525 -138.20274961085255 30.0
169.2631087981075 -97.7241014284604 30.0
188.78846684128445 -50.585717230432124 30.0
195.44820285692063 -4.787100320556609e-14 30.0
188.78846684128453 50.58571723043187 30.0
169.26310879810765 97.72410142846017 30.0
138.2027496108527 138.20274961085235 30.0
97.72410142846043 169.2631087981075 30.0
50.58571723043214 188.78846684128445 30.0
1.1967750801391522e-14 195.44820285692063 30.0
-50.58571723043194 188.7884668412845 30.0

50.46639549301929 188.34315205481232 33.0
1.1939521235879166e-14 194.98717906570164 33.0
-50.4663954930191 188.34315205481238 33.0
-97.49358953285078 168.8638504831629 33.0
-137.87675656179323 137.87675656179326 33.0
-168.86385048316288 97.49358953285089 33.0
-188.34315205481235 50.46639549301918 33.0
-194.98717906570164 2.3879042471758332e-14 33.0
-188.3431520548124 -50.46639549301904 33.0
-168.86385048316293 -97.49358953285076 33.0
-137.87675656179331 -137.87675656179317 33.0
-97.4935895328509 -168.86385048316285 33.0

-97.4935895328509 -168.86385048316285 33.0
-50.46639549301927 -188.34315205481232 33.0
-3.5818563707637495e-14 -194.98717906570164 33.0
50.466395493019036 -188.3431520548124 33.0
97.49358953285069 -168.863850483163 33.0
137.87675656179323 -137.8767565617933 33.0
168.86385048316285 -97.4935895328509 33.0
188.34315205481232 -50.466395493019284 33.0
194.98717906570164 -4.7758084943516664e-14 33.0
188.3431520548124 50.46639549301902 33.0
168.863850483163 97.49358953285068 33.0
137.8767565617934 137.8767565617931 33.0
97.49358953285093 168.86385048316285 33.0
50.46639549301929 188.34315205481232 33.0

1.1911224766572567e-14 194.52506265260524 36.0
-50.346790964255284 187.8967818766505 36.0
-97.26253132630258 168.46364592991569 36.0
-137.54999091239517 137.5499909123952 36.0
-168.46364592991566 97.26253132630269 36.0
-187.8967818766505 50.34679096425536 36.0
-194.52506265260524 2.3822449533145134e-14 36.0
-187.89678187665052 -50.346790964255234 36.0
-168.4636459299157 -97.26253132630256 36.0
-137.54999091239526 -137.54999091239512 36.0
-97.2625313263027 -168.46364592991563 36.0
-50.34679096425546 -187.89678187665046 36.0
-3.57336742997177e-14 -194.52506265260524 36.0

-3.57336742997177e-14 -194.52506265260524 36.0
50.34679096425522 -187.89678187665052 36.0
97.2625313263025 -168.46364592991577 36.0
137.54999091239515 -137.5499909123952 36.0
168.46364592991563 -97.2625313263027 36.0
187.89678187665046 -50.34679096425547 36.0
194.52506265260524 -4.764489906629027e-14 36.0
187.89678187665052 50.34679096425521 36.0
168.46364592991577 97.26253132630248 36.0
137.54999091239534 137.54999091239503 36.0
97.26253132630274 168.46364592991563 36.0
50.34679096425548 187.89678187665046 36.0
1.1911224766572567e-14 194.52506265260524 36.0

-50.226901623920796 187.44934876723627 39.0
-97.03092290605089 168.062488378579 39.0
-137.22244714331543 137.22244714331543 39.0
-168.06248837857896 97.030922906051 39.0
-187.44934876723624 50.226901623920874 39.0
-194.06184581210186 2.3765721831041774e-14 39.0
-187.44934876723627 -50.226901623920746 39.0
-168.06248837857902 -97.03092290605088 39.0
-137.22244714331552 -137.22244714331535 39.0
-97.03092290605102 -168.06248837857893 39.0
-50.226901623920966 -187.44934876723622 39.0
-3.564858274656266e-14 -194.06184581210186 39.0
50.22690162392073 -187.44934876723627 39.0
97.0309229060508 -168.06248837857908 39.0

97.0309229060508 -168.06248837857908 39.0
137.2224471433154 -137.22244714331546 39.0
168.06248837857893 -97.03092290605102 39.0
187.44934876723622 -50.22690162392098 39.0
194.06184581210186 -4.753144366208355e-14 39.0
187.44934876723627 50.22690162392072 39.0
168.06248837857908 97.03092290605079 39.0
137.2224471433156 137.22244714331526 39.0
97.03092290605105 168.06248837857893 39.0
50.22690162392099 187.44934876723622 39.0
1.1882860915520887e-14 194.06184581210186 39.0
-50.226901623920796 187.44934876723627 39.0

50.10672542762734 187.00084509680795 42.0
1.1854429199055349e-14 193.59752064528098 42.0
-50.10672542762715 187.00084509680798 42.0
-96.79876032264045 167.66037098849566 42.0
-136.8941196691808 136.8941196691808 42.0
-167.66037098849563 96.79876032264056 42.0
-187.00084509680798 50.106725427627225 42.0
-193.59752064528098 2.3708858398110698e-14 42.0
-187.000845096808 -50.10672542762709 42.0
-167.66037098849569 -96.79876032264043 42.0
-136.8941196691809 -136.89411966918072 42.0
-96.79876032264058 -167.6603709884956 42.0

-96.79876032264058 -167.6603709884956 42.0
-50.10672542762732 -187.00084509680795 42.0
-3.556328759716604e-14 -193.59752064528098 42.0
50.10672542762708 -187.000845096808 42.0
96.79876032264036 -167.66037098849574 42.0
136.89411966918078 -136.89411966918084 42.0
167.6603709884956 -96.79876032264058 42.0
187.00084509680795 -50.10672542762733 42.0
193.59752064528098 -4.7417716796221396e-14 42.0
187.000845096808 50.10672542762707 42.0
167.66037098849574 96.79876032264035 42.0
136.89411966918098 136.89411966918064 42.0
96.7987603226406 167.6603709884956 42.0
50.10672542762734 187.00084509680795 42.0

1.1825929127693021e-14 193.13207915827965 45.0
-49.986260306410365 186.551263143887 45.0
-96.56603957913978 167.25728683677733 45.0
-136.5650028374766 136.56500283747664 45.0
-167.25728683677727 96.5660395791399 45.0
-186.551263143887 49.98626030641044 45.0
-193.13207915827965 2.3651858255386043e-14 45.0
-186.55126314388704 -49.98626030641031 45.0
-167.25728683677733 -96.56603957913977 45.0
-136.5650028374767 -136.56500283747656 45.0
-96.56603957913991 -167.25728683677724 45.0
-49.986260306410536 -186.55126314388698 45.0
-3.547778738307906e-14 -193.13207915827965 45.0

-3.547778738307906e-14 -193.13207915827965 45.0
49.9862603064103 -186.55126314388704 45.0
96.5660395791397 -167.25728683677738 45.0
136.56500283747658 -136.56500283747667 45.0
167.25728683677724 -96.56603957913991 45.0
186.55126314388698 -49.98626030641055 45.0
193.13207915827965 -4.7303716510772086e-14 45.0
186.55126314388704 49.98626030641029 45.0
167.25728683677738 96.56603957913968 45.0
136.56500283747678 136.56500283747647 45.0
96.56603957913994 167.25728683677724 45.0
49.98626030641056 186.55126314388698 45.0
1.1825929127693021e-14 193.13207915827965 45.0

-49.865504166315375 186.1005950937266 48.0
-96.33275663033832 166.8532289169137 48.0
-136.2350909274112 136.23509092741122 48.0
-166.85322891691365 96.33275663033844 48.0
-186.1005950937266 49.86550416631545 48.0
-192.66551326067673 2.359472041207697e-14 48.0
-186.10059509372664 -49.865504166315326 48.0
-166.8532289169137 -96.33275663033831 48.0
-136.23509092741128 -136.23509092741114 48.0
-96.33275663033845 -166.85322891691362 48.0
-49.865504166315546 -186.10059509372658 48.0
-3.539208061811545e-14 -192.66551326067673 48.0
49.86550416631531 -186.10059509372664 48.0
96.33275663033824 -166.85322891691376 48.0

96.33275663033824 -166.85322891691376 48.0
136.2350909274112 -136.23509092741125 48.0
166.85322891691362 -96.33275663033845 48.0
186.10059509372658 -49.86550416631556 48.0
192.66551326067673 -4.718944082415394e-14 48.0
186.10059509372664 49.865504166315304 48.0
166.85322891691376 96.33275663033822 48.0
136.23509092741136 136.23509092741105 48.0
96.33275663033848 166.85322891691362 48.0
49.86550416631557 186.10059509372658 48.0
1.1797360206038485e-14 192.66551326067673 48.0
-49.865504166315375 186.1005950937266 48.0

