143.30127 25.0 0.0
135.355339 35.355339 0.0
125.0 43.30127 0.0
112.940952 48.296291 0.0
100.0 50.0 0.0
87.059048 51.703709 0.0
75.0 56.69873 0.0
64.644661 64.644661 0.0
56.69873 75.0 0.0
51.703709 87.059048 0.0
50.0 100.0 0.0
48.296291 112.940952 0.0
43.30127 125.0 0.0
35.355339 135.355339 0.0
25.0 143.30127 0.0
12.940952 148.296291 0.0
0.0 150.0 0.0
-12.940952 148.296291 0.0
-25.0 143.30127 0.0
-35.355339 135.355339 0.0
-43.30127 125.0 0.0
-48.296291 112.940952 0.0
-50.0 100.0 0.0
-51.703709 87.059048 0.0
-56.69873 75.0 0.0
-64.644661 64.644661 0.0
-75.0 56.69873 0.0
-87.059048 51.703709 0.0
-100.0 50.0 0.0
-112.940952 48.296291 0.0
-125.0 43.30127 0.0
-135.355339 35.355339 0.0
-143.30127 25.0 0.0
-148.296291 12.940952 0.0
-150.0 0.0 0.0
-148.296291 -12.940952 0.0
-143.30127 -25.0 0.0
-135.355339 -35.355339 0.0
-125.0 -43.30127 0.0
-112.940952 -48.296291 0.0
-100.0 -50.0 0.0
-87.059048 -51.703709 0.0
-75.0 -56.69873 0.0
-64.644661 -64.644661 0.0
-56.69873 -75.0 0.0
-51.703709 -87.059048 0.0
-50.0 -100.0 0.0
-48.296291 -112.940952 0.0
-43.30127 -125.0 0.0
-35.355339 -135.355339 0.0
-25.0 -143.30127 0.0
-12.940952 -148.296291 0.0
-0.0 -150.0 0.0
12.940952 -148.296291 0.0
25.0 -143.30127 0.0
35.355339 -135.355339 0.0
43.30127 -125.0 0.0
48.296291 -112.940952 0.0
50.0 -100.0 0.0
51.703709 -87.059048 0.0
56.69873 -75.0 0.0
64.644661 -64.644661 0.0
75.0 -56.69873 0.0
87.059048 -51.703709 0.0
100.0 -50.0 0.0
112.940952 -48.296291 0.0
125.0 -43.30127 0.0
135.355339 -35.355339 0.0
143.30127 -25.0 0.0
148.296291 -12.940952 0.0
150.0 0.0 0.0
148.296291 12.940952 0.0
143.30127 25.0 0.0

125.0 43.30127 1.0
112.940952 48.296291 1.0
100.0 50.0 1.0
87.059048 51.703709 1.0
75.0 56.69873 1.0
64.644661 64.644661 1.0
56.69873 75.0 1.0
51.703709 87.059048 1.0
50.0 100.0 1.0
48.296291 112.940952 1.0
43.30127 125.0 1.0
35.355339 135.355339 1.0
25.0 143.30127 1.0
12.940952 148.296291 1.0
0.0 150.0 1.0
-12.940952 148.296291 1.0
-25.0 143.30127 1.0
-35.355339 135.355339 1.0
-43.30127 125.0 1.0
-48.296291 112.940952 1.0
-50.0 100.0 1.0
-51.703709 87.059048 1.0
-56.69873 75.0 1.0
-64.644661 64.644661 1.0
-75.0 56.69873 1.0
-87.059048 51.703709 1.0
-100.0 50.0 1.0
-112.940952 48.296291 1.0
-125.0 43.30127 1.0
-135.355339 35.355339 1.0
-143.30127 25.0 1.0
-148.296291 12.940952 1.0
-150.0 0.0 1.0
-148.296291 -12.940952 1.0
-143.30127 -25.0 1.0
-135.355339 -35.355339 1.0
-125.0 -43.30127 1.0
-112.940952 -48.296291 1.0
-100.0 -50.0 1.0
-87.059048 -51.703709 1.0
-75.0 -56.69873 1.0
-64.644661 -64.644661 1.0
-56.69873 -75.0 1.0
-51.703709 -87.059048 1.0
-50.0 -100.0 1.0
-48.296291 -112.940952 1.0
-43.30127 -125.0 1.0
-35.355339 -135.355339 1.0
-25.0 -143.30127 1.0
-12.940952 -148.296291 1.0
-0.0 -150.0 1.0
12.940952 -148.296291 1.0
25.0 -143.30127 1.0
35.355339 -135.355339 1.0
43.30127 -125.0 1.0
48.296291 -112.940952 1.0
50.0 -100.0 1.0
51.703709 -87.059048 1.0
56.69873 -75.0 1.0
64.644661 -64.644661 1.0
75.0 -56.69873 1.0
87.059048 -51.703709 1.0
100.0 -50.0 1.0
112.940952 -48.296291 1.0
125.0 -43.30127 1.0
135.355339 -35.355339 1.0
143.30127 -25.0 1.0
148.296291 -12.940952 1.0
150.0 0.0 1.0
148.296291 12.940952 1.0
143.30127 25.0 1.0
135.355339 35.355339 1.0
125.0 43.30127 1.0

100.0 50.0 2.0
87.059048 51.703709 2.0
75.0 56.69873 2.0
64.644661 64.644661 2.0
56.69873 75.0 2.0
51.703709 87.059048 2.0
50.0 100.0 2.0
48.296291 112.940952 2.0
43.30127 125.0 2.0
35.355339 135.355339 2.0
25.0 143.30127 2.0
12.940952 148.296291 2.0
0.0 150.0 2.0
-12.940952 148.296291 2.0
-25.0 143.30127 2.0
-35.355339 135.355339 2.0
-43.30127 125.0 2.0
-48.296291 112.940952 2.0
-50.0 100.0 2.0
-51.703709 87.059048 2.0
-56.69873 75.0 2.0
-64.644661 64.644661 2.0
-75.0 56.69873 2.0
-87.059048 51.703709 2.0
-100.0 50.0 2.0
-112.940952 48.296291 2.0
-125.0 43.30127 2.0
-135.355339 35.355339 2.0
-143.30127 25.0 2.0
-148.296291 12.940952 2.0
-150.0 0.0 2.0
-148.296291 -12.940952 2.0
-143.30127 -25.0 2.0
-135.355339 -35.355339 2.0
-125.0 -43.30127 2.0
-112.940952 -48.296291 2.0
-100.0 -50.0 2.0
-87.059048 -51.703709 2.0
-75.0 -56.69873 2.0
-64.644661 -64.644661 2.0
-56.69873 -75.0 2.0
-51.703709 -87.059048 2.0
-50.0 -100.0 2.0
-48.296291 -112.940952 2.0
-43.30127 -125.0 2.0
-35.355339 -135.355339 2.0
-25.0 -143.30127 2.0
-12.940952 -148.296291 2.0
-0.0 -150.0 2.0
12.940952 -148.296291 2.0
25.0 -143.30127 2.0
35.355339 -135.355339 2.0
43.30127 -125.0 2.0
48.296291 -112.940952 2.0
50.0 -100.0 2.0
51.703709 -87.059048 2.0
56.69873 -75.0 2.0
64.644661 -64.644661 2.0
75.0 -56.69873 2.0
87.059048 -51.703709 2.0
100.0 -50.0 2.0
112.940952 -48.296291 2.0
125.0 -43.30127 2.0
135.355339 -35.355339 2.0
143.30127 -25.0 2.0
148.296291 -12.940952 2.0
150.0 0.0 2.0
148.296291 12.940952 2.0
143.30127 25.0 2.0
135.355339 35.355339 2.0
125.0 43.30127 2.0
112.940952 48.296291 2.0
100.0 50.0 2.0

75.0 56.69873 3.0
64.644661 64.644661 3.0
56.69873 75.0 3.0
51.703709 87.059048 3.0
50.0 100.0 3.0
48.296291 112.940952 3.0
43.30127 125.0 3.0
35.355339 135.355339 3.0
25.0 143.30127 3.0
12.940952 148.296291 3.0
0.0 150.0 3.0
-12.940952 148.296291 3.0
-25.0 143.30127 3.0
-35.355339 135.355339 3.0
-43.30127 125.0 3.0
-48.296291 112.940952 3.0
-50.0 100.0 3.0
-51.703709 87.059048 3.0
-56.69873 75.0 3.0
-64.644661 64.644661 3.0
-75.0 56.69873 3.0
-87.059048 51.703709 3.0
-100.0 50.0 3.0
-112.940952 48.296291 3.0
-125.0 43.30127 3.0
-135.355339 35.355339 3.0
-143.30127 25.0 3.0
-148.296291 12.940952 3.0
-150.0 0.0 3.0
-148.296291 -12.940952 3.0
-143.30127 -25.0 3.0
-135.355339 -35.355339 3.0
-125.0 -43.30127 3.0
-112.940952 -48.296291 3.0
-100.0 -50.0 3.0
-87.059048 -51.703709 3.0
-75.0 -56.69873 3.0
-64.644661 -64.644661 3.0
-56.69873 -75.0 3.0
-51.703709 -87.059048 3.0
-50.0 -100.0 3.0
-48.296291 -112.940952 3.0
-43.30127 -125.0 3.0
-35.355339 -135.355339 3.0
-25.0 -143.30127 3.0
-12.940952 -148.296291 3.0
-0.0 -150.0 3.0
12.940952 -148.296291 3.0
25.0 -143.30127 3.0
35.355339 -135.355339 3.0
43.30127 -125.0 3.0
48.296291 -112.940952 3.0
50.0 -100.0 3.0
51.703709 -87.059048 3.0
56.69873 -75.0 3.0
64.644661 -64.644661 3.0
75.0 -56.69873 3.0
87.059048 -51.703709 3.0
100.0 -50.0 3.0
112.940952 -48.296291 3.0
125.0 -43.30127 3.0
135.355339 -35.355339 3.0
143.30127 -25.0 3.0
148.296291 -12.940952 3.0
150.0 0.0 3.0
148.296291 12.940952 3.0
143.30127 25.0 3.0
135.355339 35.355339 3.0
125.0 43.30127 3.0
112.940952 48.296291 3.0
100.0 50.0 3.0
87.059048 51.703709 3.0
75.0 56.69873 3.0

56.69873 75.0 4.0
51.703709 87.059048 4.0
50.0 100.0 4.0
48.296291 112.940952 4.0
43.30127 125.0 4.0
35.355339 135.355339 4.0
25.0 143.30127 4.0
12.940952 148.296291 4.0
0.0 150.0 4.0
-12.940952 148.296291 4.0
-25.0 143.30127 4.0
-35.355339 135.355339 4.0
-43.30127 125.0 4.0
-48.296291 112.940952 4.0
-50.0 100.0 4.0
-51.703709 87.059048 4.0
-56.69873 75.0 4.0
-64.644661 64.644661 4.0
-75.0 56.69873 4.0
-87.059048 51.703709 4.0
-100.0 50.0 4.0
-112.940952 48.296291 4.0
-125.0 43.30127 4.0
-135.355339 35.355339 4.0
-143.30127 25.0 4.0
-148.296291 12.940952 4.0
-150.0 0.0 4.0
-148.296291 -12.940952 4.0
-143.30127 -25.0 4.0
-135.355339 -35.355339 4.0
-125.0 -43.30127 4.0
-112.940952 -48.296291 4.0
-100.0 -50.0 4.0
-87.059048 -51.703709 4.0
-75.0 -56.69873 4.0
-64.644661 -64.644661 4.0
-56.69873 -75.0 4.0
-51.703709 -87.059048 4.0
-50.0 -100.0 4.0
-48.296291 -112.940952 4.0
-43.30127 -125.0 4.0
-35.355339 -135.355339 4.0
-25.0 -143.30127 4.0
-12.940952 -148.296291 4.0
-0.0 -150.0 4.0
12.940952 -148.296291 4.0
25.0 -143.30127 4.0
35.355339 -135.355339 4.0
43.30127 -125.0 4.0
48.296291 -112.940952 4.0
50.0 -100.0 4.0
51.703709 -87.059048 4.0
56.69873 -75.0 4.0
64.644661 -64.644661 4.0
75.0 -56.69873 4.0
87.059048 -51.703709 4.0
100.0 -50.0 4.0
112.940952 -48.296291 4.0
125.0 -43.30127 4.0
135.355339 -35.355339 4.0
143.30127 -25.0 4.0
148.296291 -12.940952 4.0
150.0 0.0 4.0
148.296291 12.940952 4.0
143.30127 25.0 4.0
135.355339 35.355339 4.0
125.0 43.30127 4.0
112.940952 48.296291 4.0
100.0 50.0 4.0
87.059048 51.703709 4.0
75.0 56.69873 4.0
64.644661 64.644661 4.0
56.69873 75.0 4.0

